
10.000000 10.000000 0.000000 0.000000 
10.017987 10.017987 0.047683 0.022487 
9.983212 9.983212 0.095797 0.044569 
9.917672 9.917672 0.028687 0.013754 
9.921506 9.921506 0.034344 0.020235 
9.842661 9.842661 0.047711 0.029117 
9.856553 9.856553 0.058786 0.042636 
9.873265 9.873265 0.073022 0.049886 
9.882631 9.882631 0.081067 0.051677 
9.793673 9.793673 0.081338 0.051134 
9.683833 9.683833 0.076806 0.060225 
9.555554 9.555554 0.067355 0.065734 
9.202108 9.202108 0.039717 0.134795 
9.077073 9.077073 0.027194 0.146488 
8.797607 8.797607 -0.045398 0.307091 
8.662079 8.662079 -0.048095 0.298789 
10.000008 10.000008 0.001246 -0.002493 
10.017987 10.017987 -0.047683 -0.022487 
9.983212 9.983212 -0.095797 -0.044569 
9.917672 9.917672 -0.028687 -0.013754 
9.921506 9.921506 -0.034344 -0.020235 
9.842661 9.842661 -0.047711 -0.029117 
9.856553 9.856553 -0.058786 -0.042636 
9.873265 9.873265 -0.073022 -0.049886 
9.882631 9.882631 -0.081067 -0.051677 
9.793673 9.793673 -0.081338 -0.051134 
9.683833 9.683833 -0.076806 -0.060225 
9.555554 9.555554 -0.067355 -0.065734 
9.202108 9.202108 -0.039717 -0.134795 
9.077073 9.077073 -0.027194 -0.146488 
8.797607 8.797607 0.045398 -0.307091 
8.662079 8.662079 0.048095 -0.298789 